$ANSIBLE_VAULT;1.1;AES256
38363839626630646337336335636565356237356535356366336232323130343735373361613461
3138656437363564396335613961643532666262626335370a373235653032373439666234343363
36393535306134306262663539356537383034303466373339303438366532643130663136333363
3039316665393639610a353833643336383665646433386331376230336363353836323661333463
62666238656435633138333131633536646432383534343134613664363938373436623332613364
36643862313632653033353630346235613539653139366563336436613830396165313031343066
35633837666534626131636265346534316262393637663336663532366135393739626531383635
61303133386162663835313462373963633761356532316462656637393438386261366631633639
30643736616430323061316434663232626533373034343531633239653132643331396266623237
61656566616563393532343631346661333163373232646166653835643831653631333838363836
66356162353761613138393435366466323338326465363839366436653934313036646137643635
66393939656635316464386135653664343335313739323434653434316530613234373364623238
30613331656439393831336237376235383530313461316335363130636434316639373462663430
3664353866363130636636316239633862306134306539636535
